Diego-Palacio 34568910 CAMARA_MULTISPECTRAL 50109673 9 12 2020 45678900
Juan-Perez 24567898 TABLET_WACOM 50234573 21 10 2010 450000
Juan-Perez 24567898 TARJETA_ADQUISICION_DATOS 50234574 18 12 2010 23900000
Tatiana-Ramirez 2345934 DRON_MAT300 50234581 12 10 2019 17568000
Juan-Perez 24567898 MONITOR_LCD_19 50245312 18 12 2006 600000
Juan-Perez 24567898 MONITOR_DELL 50245313 1 4 2016 300000
Diego-Palacio 34568910 MONITOR_LCD_19 50245314 18 12 2006 600000
Diego-Palacio 34568910 MONITOR_DELL 50245315 1 4 2016 300000
Camila-Jimenez 2345902 MONITOR_LCD_19 50245316 18 12 2006 600000
Camila-Jimenez 2345902 MONITOR_DELL 50245317 1 4 2016 300000
Camila-Jimenez 2345902 MONITOR_DELL 50245318 1 4 2016 300000
Camila-Jimenez 2345902 MONITOR_DELL 50245319 1 4 2016 300000